CONSTANT ###########################################################################

[549.86738382338297, 550.09194316699575, 552.01257312868483]
[329.81670201050565, 330.43988610706481, 332.22087496570538] [] 0
L1, L2, relative errors 204.22335886 332.220874966 63.9850971903
class-wise:
[[ 175.27557748  271.98297128]
 [ 206.81034489  336.11712479]
 [ 203.55442971  333.29094244]
 [ 204.59515159  331.73326638]
 [ 204.17083431  331.11964795]
 [ 199.55152819  327.63418466]]
classification accuracy 0.380272782986
confusion matrix:
[[    0     0     0   273     0     0]
 [    0     0     0 19268     0     0]
 [    0     0     0 36285     0     0]
 [    0     0     0 58327     0     0]
 [    0     0     0 31155     0     0]
 [    0     0     0  8074     0     0]]
ordering accuracy 0.450912
class-wise:
[[ 0.52354   0.5       0.5       0.5       0.48829   0.03976 ]
 [ 0.5       0.50852   0.5       0.5       0.48807   0.039245]
 [ 0.5       0.5       0.50443   0.5       0.48781   0.03958 ]
 [ 0.5       0.5       0.5       0.4997    0.48816   0.03918 ]
 [ 0.48829   0.48807   0.48781   0.48816   0.47989   0.051425]
 [ 0.03976   0.039245  0.03958   0.03918   0.051425  0.53666 ]]


DISTANCE ###########################################################################

[549.86738382338297, 550.09194316699575, 552.01257312868483]
[329.81670201050565, 330.43988610706481, 332.22087496570538] [] 0
[329.36028249838262, 330.02857199927138, 331.71655484592628] ['distance'] 0
L1, L2, relative errors 204.060655184 331.716554846 63.8295059633
class-wise:
[[ 195.67974891  310.98961968]
 [ 202.79035134  328.87058205]
 [ 205.12904878  337.1269105 ]
 [ 204.43721443  331.75966421]
 [ 203.2750635   328.03249469]
 [ 202.88516322  328.45452304]]
classification accuracy 0.380272782986
confusion matrix:
[[    0     0     0   273     0     0]
 [    0     0     0 19268     0     0]
 [    0     0     0 36285     0     0]
 [    0     0     0 58327     0     0]
 [    0     0     0 31155     0     0]
 [    0     0     0  8074     0     0]]
ordering accuracy 0.57874
class-wise:
[[ 0.63456   0.90715   0.95632   0.970625  0.953565  0.89052 ]
 [ 0.90715   0.65534   0.80351   0.869315  0.79616   0.69247 ]
 [ 0.95632   0.80351   0.61096   0.62478   0.51779   0.46574 ]
 [ 0.970625  0.869315  0.62478   0.48199   0.39901   0.365255]
 [ 0.953565  0.79616   0.51779   0.39901   0.47307   0.44863 ]
 [ 0.89052   0.69247   0.46574   0.365255  0.44863   0.49619 ]]


COUNTRY ###########################################################################

[549.86738382338297, 550.09194316699575, 552.01257312868483]
[329.81670201050565, 330.43988610706481, 332.22087496570538] [] 0
[294.16791940465026, 296.80824978543689, 299.56837942865889] ['country1' 'country2'] 2.9375
L1, L2, relative errors 170.829295808 299.568379429 53.4407853281
class-wise:
[[ 195.68704084  392.60643689]
 [ 170.91110632  301.15437098]
 [ 171.12690099  300.98924363]
 [ 170.89487068  300.02641831]
 [ 169.06918511  293.82673249]
 [ 174.77410264  304.33216392]]
classification accuracy 0.397823734206
confusion matrix:
[[    0     0    69   204     0     0]
 [    0    48 12515  6452   251     2]
 [    0    11  9003 23718  3532    21]
 [    0     0  3434 32725 22066   102]
 [    0     2  1319 10680 18944   210]
 [    0     0   480  2801  4494   299]]
ordering accuracy 0.725858
class-wise:
[[ 0.47047   0.329595  0.740415  0.934555  0.951405  0.92319 ]
 [ 0.329595  0.55363   0.778065  0.926455  0.948785  0.93237 ]
 [ 0.740415  0.778065  0.61091   0.770035  0.836725  0.811655]
 [ 0.934555  0.926455  0.770035  0.59978   0.63753   0.63746 ]
 [ 0.951405  0.948785  0.836725  0.63753   0.50513   0.533295]
 [ 0.92319   0.93237   0.811655  0.63746   0.533295  0.5547  ]]


FULL ###########################################################################

[549.86738382338297, 550.09194316699575, 552.01257312868483]
[329.81670201050565, 330.43988610706481, 332.22087496570538] [] 0
[329.36028249838262, 330.02857199927138, 331.71655484592628] ['distance'] 0
[327.67339352139254, 328.1447573273515, 329.95279489051444] ['type1'] 0.125
[316.0092709047035, 315.87736145087712, 318.51358736670323] ['type2'] 0.125
[315.67073415960232, 315.37199774916144, 318.27352577411165] ['type1' 'type2'] 0.5
[302.43614012142564, 302.24010669279289, 305.25607780112631] ['country1'] 0.125
[292.84526417785031, 292.99083220365816, 295.87492337612736] ['country2'] 3.375
[292.47227894306445, 292.57037348239623, 295.46979072358397] ['same_country'] 0.125
[287.41896104880061, 288.72658344954112, 291.94902431197414] ['country1' 'country2'] 10.0625
[275.49582571072318, 280.5445693979575, 283.36697627119122] ['country1' 'country2' 'type1' 'type2'] 8.0625
[274.88291307498986, 280.09822691147718, 282.89558015998546] ['region1'] 55.25
[273.43477759272781, 278.93216911859685, 281.64252178749359] ['region2'] 5.25
[273.41152475975287, 278.8985520525444, 281.59962314416344] ['same_region'] 0.125
[259.56298765997542, 276.70068225990224, 279.60063904186205] ['region1' 'region2'] 7.5625
[257.03229877488934, 276.11819486885554, 279.0925242914991] ['city1'] 20.75
[250.58722072789317, 272.19483508572796, 275.38307471905875] ['city2'] 2.5
[250.58722072789305, 272.19483508572819, 275.3830747190546] ['same_city'] 6.15898310246e+13
[188.81973756793357, 263.92745394565418, 267.86011133171263] ['city1' 'city2'] 1.53125
[172.57689649926488, 262.18863482455612, 265.99542741234313] ['ip1'] 6.125
[137.00535999239233, 249.55913831182573, 253.17599980690869] ['ip2'] 1.0625
[109.2098372036283, 248.30408781486588, 251.98628567149797] ['ip1' 'ip2'] 2.3125
L1, L2, relative errors 133.176922718 251.986285671 41.7834795879
class-wise:
[[ 135.19814305  234.83969592]
 [ 133.15058996  250.00572802]
 [ 135.08141444  254.47220799]
 [ 133.0651693   252.89746883]
 [ 130.88299606  247.2911106 ]
 [ 134.27137789  257.32474309]]
classification accuracy 0.564153551264
confusion matrix:
[[   83   138    35    16     1     0]
 [  280  9981  6626  2012   320    33]
 [   89  2815 16844 14113  2270   145]
 [   41   827  5402 37251 14150   649]
 [   10   215  1014  9175 19320  1419]
 [    1    31   190  1002  3796  3052]]
ordering accuracy 0.787644
class-wise:
[[ 0.58728   0.79495   0.92165   0.97408   0.99018   0.994165]
 [ 0.79495   0.63273   0.8086    0.936845  0.970105  0.983205]
 [ 0.92165   0.8086    0.61769   0.795075  0.90786   0.949375]
 [ 0.97408   0.936845  0.795075  0.63747   0.751195  0.87734 ]
 [ 0.99018   0.970105  0.90786   0.751195  0.58869   0.758825]
 [ 0.994165  0.983205  0.949375  0.87734   0.758825  0.59249 ]]




